cam  0 0 5   -2 -2 0  2 -2 0    -2 2 0  2 2 0

mat  1 1 1      0.25 0.5 0.5    0.25 0.5 0.5 64     0 0 0
rfc 0
tri -2 -2 0     -2 -2 -13       2 -2 -13
tri -2 -2 0      2 -2 -13       2 -2   0

mat  1 1 1       0.4 0.4 0.0           0.4 0.4 0.0 32            0 0 0
rfc 0
tri -2 -2 -13    2 3 -13        -2 3 -13
tri -2 -2 -13    2 -2 -13        2 3 -13

mat  1 1 1      0.25 0.5 0.5    0.25 0.5 0.5 64     0 0 0
rfc 0
tri -2 -2 0     -2 3 0          -2  3 -13
tri -2 -2 0     -2 3 -13        -2 -2 -13

mat  0.2 0.2 0.2      0.25 0.5 0.5    0.25 0.5 0.5 64     0 0 0
rfc 0
tri 2 -2 0      2 -2 -13        2 3 -13
tri 2 -2 0      2 3 -13         2 3 0

mat 1 1 1       0.0 0.0 0.0     0.9 0.9 0.9 128    0 0 0
rfc 1 2.51
sph 0 0.2 -3 1

mat 0.2 0.2 0.2       0.0 0.9 0.9     0.0 0.0 0.9 32    0 0 0
rfc 0
sph 0.5 0 -9 0.1

mat 0.2 0.2 0.2       0.0 0.9 0.9     0.0 0.0 0.9 32    0 0 0
rfc 0
sph -0.5 0 -9 0.1

mat 0.2 0.2 0.2       0.0 0.0 0.9     0.0 0.0 0.9 32    0 0 0
rfc 0
sph 0 -0.5 -9 0.1

mat 0.2 0.2 0.2       0.0 0.0 0.9     0.0 0.0 0.9 32    0 0 0
rfc 0
sph 0 0.5 -9 0.1

mat 1 1 0       0.0 0.0 0.0     0.0 0.0 0.9 32    0 0 0
rfc 1 1.52
sph 0 0 -9 0.2

mat 1 1 1       0.7 0.1 0.6     1 1 1 32    0 0 0
rfc 0
sph 2 0.5 -5 1

mat 1 1 1       0.25 0.9 0.1    0.9 0.1 0.25 3  0 0 0
rfc 0
sph -0.75  -1.75  -4 0.25

mat 1 1 1       0.1 0.2 0.3     0.4 0.5 0.6 7   0 0 0
rfc 0
sph -1.75  -1.75  -2 0.25
sph  1.215 -1.875 -3 0.125

mat 1 1 1       0.25 0.9 0.1    0.9 0.1 0.25 3  0 0 0
rfc 0
sph 1.0   -1.875 -4 0.125
sph 1.9   -1.875 -1 0.125


ltp 0 5 -5  0 0.7 0.7
ltd -1 -1 -1 0.5 0 0.5
ltp 0 0 0 0.9 0.9 0.9
lta 0.1 0.1 0.1
