als 8

cam 0 0 0 -1 -1 -3 1 -1 -3 -1 1 -3 1 1 -3
ltd 0 0 -1 1 1 1
lta 1 1 1

xfz
xft -4.3 3.5 -20
xfs 2 1 1

mat 0.1 0.1 0.1 1 0 0 1 1 1 50.0 0 0 0
sph 0 0 0 1

xfz
xft -2 5.5 -24
xfr 0 0 45
xfs 2 1 1

mat 0.1 0.1 0.1 1 0 0 1 1 1 100.0 0 0 0
sph 0 0 0 1

xfz
xft -2 1.5 -26
xfr 0 0 -60
xfs 3 1 1

mat 0.1 0.1 0.1 1 0 0 1 1 1 100.0 0 0 0
sph 0 0 0 1

xfz
xft 1 -0.5 -24
xfs 2.5 1 1

mat 0.1 0.1 0.1 1 0 0 1 1 1 100.0 0 0 0
sph 0 0 0 1

xfz
xft -2 -2.5 -20
xfr 0 0 45
xfs 2.5 1 1

mat 0.1 0.1 0.1 1 0 0 1 1 1 100.0 0 0 0
sph 0 0 0 1

xfz
xft 5 1.5 -26
xfr 0 0 45
xfs 2.5 1 1

mat 0.1 0.1 0.1 1 0 0 1 1 1 100.0 0 0 0
sph 0 0 0 1

xfz
xft 4 -2.5 -20
xfr 0 0 -45
xfs 2.5 1 1

mat 0.1 0.1 0.1 1 0 0 1 1 1 100.0 0 0 0
sph 0 0 0 1
